Node 0 : 19 
Node 1 : 2 3 8 14 19 20 106 26 28 30 38 39 44 49 61 62 64 65 70 72 73 78 79 80 83 101 103 104 105 114 108 111 116 119 120 121 124 127 
Node 2 : 123 124 21 48 32 90 22 15 84 30 118 85 10 19 12 102 51 68 25 125 89 18 16 
Node 3 : 10 25 118 
Node 4 : 11 122 11 122 
Node 5 : 5 10 17 24 25 26 26 27 45 53 54 59 63 72 74 75 98 101 104 107 112 118 
Node 6 : 123 124 21 48 32 90 22 15 84 30 118 85 10 19 113 93 6 12 102 51 68 25 125 89 18 16 
Node 7 : 5 8 19 34 38 39 49 55 61 62 64 78 79 83 91 103 114 108 120 127 
Node 8 : 4 7 14 19 20 32 26 34 36 44 47 49 55 60 73 75 80 84 85 90 91 92 96 99 111 115 116 119 121 
Node 9 : 1 8 19 20 43 46 65 71 77 
Node 10 : 2 3 8 13 14 19 20 32 26 38 39 44 49 60 61 62 64 65 70 73 78 79 80 83 85 90 97 103 104 105 114 108 111 115 116 119 120 121 127 
Node 11 : 10 15 60 76 86 
Node 12 : 10 15 60 76 86 
Node 13 : 0 14 106 26 28 30 38 41 49 72 73 78 79 101 114 110 111 120 124 
Node 14 : 123 124 21 48 32 90 22 15 84 30 118 85 10 19 113 93 6 12 102 51 68 25 125 89 18 16 
Node 15 : 4 5 6 7 10 16 19 26 31 40 41 50 51 56 75 81 89 92 93 96 102 110 123 125 126 
Node 16 : 38 49 78 79 111 120 38 49 78 79 111 120 
Node 17 : 22 9 10 13 15 18 19 21 25 30 35 42 48 52 68 82 88 92 106 109 122 124 
Node 18 : 4 14 19 20 32 26 34 36 44 47 49 55 60 73 75 80 84 85 90 91 92 96 99 111 115 116 119 121 
Node 19 : 1 3 22 8 11 17 19 32 24 26 27 39 41 44 45 53 54 59 61 62 63 64 70 74 82 83 98 104 104 107 112 115 116 119 122 127 
Node 20 : 4 5 6 7 10 16 19 31 40 41 50 51 56 81 89 92 93 96 102 110 123 125 126 
Node 21 : 4 6 7 16 19 40 41 50 51 56 81 89 93 96 102 110 123 125 126 
Node 22 : 2 19 20 37 41 43 46 65 67 69 71 77 80 94 95 97 103 105 108 117 121 
Node 23 : 19 69 
Node 24 : 1 6 9 18 19 31 48 51 68 89 106 109 125 126 
Node 25 : 5 10 25 26 27 53 54 63 75 104 107 112 
Node 26 : 18 48 109 
Node 27 : 11 122 
Node 28 : 22 9 10 13 15 18 19 21 25 30 48 68 82 88 92 106 109 124 
Node 29 : 38 49 78 79 111 120 
Node 30 : 17 44 75 80 81 111 115 116 119 
Node 31 : 0 2 14 19 20 23 26 28 30 37 38 41 43 46 49 65 67 69 71 72 73 77 78 79 80 94 95 97 101 103 105 114 108 110 111 117 120 121 124 
Node 32 : 4 16 75 96 97 104 
Node 33 : 8 19 49 55 61 62 64 78 83 91 103 114 120 127 
Node 34 : 28 101 114 
Node 35 : 0 19 37 43 46 67 71 77 94 95 117 
Node 36 : 2 14 20 23 26 28 30 38 49 65 72 73 78 79 80 97 101 103 105 114 108 111 120 121 124 
Node 37 : 2 14 20 106 26 28 30 38 49 65 72 73 78 79 80 97 101 103 105 114 108 111 120 121 124 
Node 38 : 2 14 20 23 26 28 30 38 49 65 72 73 78 79 80 97 101 103 105 114 108 111 120 121 124 
Node 39 : 2 14 20 23 26 28 30 38 49 65 72 73 78 79 80 97 101 103 105 114 108 111 120 121 124 
Node 40 : 30 10 29 68 25 125 15 
Node 41 : 6 23 93 125 
Node 42 : 4 7 9 19 32 58 72 81 84 85 90 92 96 98 118 122 
Node 43 : 2 19 20 37 41 43 46 65 67 69 71 77 80 94 97 103 105 108 117 121 
Node 44 : 105 
Node 45 : 1 3 22 8 11 13 17 19 32 23 24 26 27 30 39 41 44 45 53 54 59 61 62 63 64 70 74 82 83 98 104 104 107 112 115 116 119 122 124 127 
Node 46 : 22 38 49 80 88 108 
Node 47 : 2 3 4 5 8 19 32 32 33 34 36 38 39 47 49 49 55 57 61 62 64 78 79 83 84 87 91 92 96 97 99 103 105 114 108 120 127 
Node 48 : 67 94 
Node 49 : 2 6 18 32 26 44 45 74 89 98 103 104 108 109 112 116 125 126 
Node 50 : 1 2 22 6 8 9 18 19 32 26 27 31 37 38 43 44 45 46 49 51 53 54 59 62 65 67 68 69 71 74 77 78 79 80 83 88 89 94 95 98 103 104 107 108 109 111 112 116 120 121 125 126 127 
Node 51 : 1 5 10 19 26 41 42 52 75 92 110 
Node 52 : 1 42 52 
Node 53 : 1 5 10 19 26 41 75 92 110 
Node 54 : 2 3 22 8 19 20 32 24 26 27 37 39 43 44 45 46 53 54 59 62 63 65 67 69 70 71 74 77 80 82 83 94 95 98 103 104 107 108 112 116 119 121 122 127 
Node 55 : 123 124 21 48 32 90 22 15 84 30 118 85 10 19 113 93 6 12 102 51 68 25 125 89 18 16 
Node 56 : 10 17 24 26 26 27 28 45 53 54 59 63 72 74 75 98 101 100 107 112 
Node 57 : 3 24 70 105 
Node 58 : 1 5 22 9 10 11 13 19 23 25 26 30 41 75 122 124 
Node 59 : 3 19 24 40 50 56 59 61 64 70 93 95 102 107 115 121 123 
Node 60 : 10 25 118 
Node 61 : 123 124 21 48 32 90 22 15 84 30 118 85 10 19 113 93 6 12 102 51 68 25 125 89 18 16 
Node 62 : 3 19 24 37 40 50 54 56 59 61 64 68 69 70 78 79 93 95 102 107 111 112 115 120 121 123 
Node 63 : 0 19 43 46 67 71 77 95 117 
Node 64 : 22 9 10 13 15 18 19 21 25 30 35 48 68 82 88 92 106 109 122 124 
Node 65 : 1 6 9 18 19 31 48 51 68 88 89 97 105 106 109 117 125 126 
Node 66 : 2 14 20 106 26 28 30 38 49 65 69 72 73 78 79 80 97 101 103 105 114 108 110 111 120 121 124 
Node 67 : 30 10 29 68 25 125 15 
Node 68 : 30 10 29 68 25 125 15 
Node 69 : 2 19 20 37 41 43 46 65 67 69 71 77 80 94 95 97 103 105 108 117 121 
Node 70 : 123 124 21 48 32 90 22 15 84 30 118 85 10 19 113 93 6 12 102 51 68 25 125 89 18 16 
Node 71 : 1 3 22 8 11 17 19 32 24 26 27 39 41 44 45 53 54 59 61 62 63 64 70 74 82 83 98 104 104 107 112 115 116 119 122 127 
Node 72 : 3 8 17 19 32 23 24 28 30 39 44 45 59 61 62 64 70 72 74 83 98 101 104 112 115 116 119 124 127 
Node 73 : 20 40 50 56 61 64 71 93 102 115 123 
Node 74 : 61 64 115 
Node 75 : 123 124 21 48 32 90 22 15 84 30 118 85 10 19 113 93 6 12 102 51 68 25 125 89 18 16 
Node 76 : 4 22 6 7 10 19 13 15 16 18 21 32 23 25 30 89 40 48 50 51 56 58 68 81 82 84 125 85 88 124 90 93 96 102 109 110 118 123 124 125 126 
Node 77 : 2 14 20 23 26 28 30 38 49 65 69 71 72 73 78 79 97 101 103 105 114 108 110 111 120 121 124 
Node 78 : 4 5 6 10 16 19 26 40 41 50 51 56 75 81 89 92 93 96 102 110 123 125 126 
Node 79 : 4 22 7 10 13 15 18 19 21 32 25 30 48 68 81 82 84 85 88 90 106 109 118 124 
Node 80 : 4 6 10 16 19 31 40 50 51 56 75 81 89 92 93 96 102 123 125 126 
Node 81 : 3 8 19 106 28 30 39 44 61 62 64 70 72 83 101 104 116 119 124 127 
Node 82 : 4 7 9 10 19 20 32 26 34 36 44 47 49 55 58 73 75 76 84 85 86 90 91 92 96 99 111 116 119 121 
Node 83 : 4 7 9 10 17 19 20 32 24 26 27 34 36 45 47 49 53 54 55 58 59 63 72 74 75 76 81 84 85 86 90 91 92 96 98 99 101 104 107 112 118 122 
Node 84 : 4 7 9 19 32 26 27 28 45 53 54 58 59 63 72 74 81 84 85 90 92 96 98 101 104 107 112 118 
Node 85 : 4 26 27 28 45 53 54 59 63 74 96 98 101 104 107 112 
Node 86 : 20 34 36 47 49 55 91 99 122 
Node 87 : 10 20 34 35 36 47 49 55 76 86 91 99 122 
Node 88 : 4 7 9 10 14 17 19 20 32 26 34 36 47 49 55 58 75 76 81 84 85 86 90 91 92 96 99 
Node 89 : 122 
Node 90 : 1 9 17 21 48 61 64 68 88 104 106 109 115 
Node 91 : 1 5 22 9 10 13 15 18 19 21 23 25 26 30 41 48 68 75 82 88 106 109 124 
Node 92 : 0 10 13 19 25 37 43 46 60 65 67 70 71 77 85 90 94 95 104 117 118 
Node 93 : 2 3 22 8 19 20 32 24 26 28 37 39 43 44 45 46 53 54 62 63 65 67 69 70 71 74 77 80 82 83 94 95 97 98 103 104 105 107 108 112 116 117 119 121 122 127 
Node 94 : 1 9 15 21 48 68 88 106 109 110 
Node 95 : 50 54 78 
Node 96 : 1 4 5 6 7 16 19 31 40 41 42 50 51 52 56 81 89 92 93 96 102 110 123 125 126 
Node 97 : 2 6 18 32 26 44 74 80 89 98 103 104 109 112 116 125 126 
Node 98 : 0 14 23 26 28 30 38 41 49 72 73 78 79 101 114 110 111 120 124 
Node 99 : 0 14 106 26 28 30 38 41 49 72 73 78 79 101 114 110 111 120 124 
Node 100 : 5 8 19 39 49 55 61 62 64 78 83 91 103 114 120 127 
Node 101 : 1 1 2 3 22 6 8 9 18 19 20 32 24 26 27 31 37 39 43 44 45 46 48 51 53 54 59 62 63 65 67 69 70 71 74 77 82 83 89 94 95 98 103 104 106 107 109 112 116 119 121 122 125 126 127 
Node 102 : 110 
Node 103 : 2 3 22 8 19 20 32 24 26 27 37 39 43 44 45 46 53 54 59 62 63 65 67 69 70 71 74 77 82 83 94 95 98 103 104 107 108 112 116 119 121 122 127 
Node 104 : 30 10 29 68 25 125 15 
Node 105 : 123 124 21 48 32 90 22 15 84 30 118 85 10 19 113 93 6 12 102 51 68 25 125 89 18 16 
Node 106 : 4 6 10 16 19 31 40 41 50 51 56 75 81 89 92 93 96 97 102 104 117 123 125 126 
Node 107 : 4 6 10 16 19 31 40 41 50 51 56 75 81 89 92 93 96 97 102 104 117 123 125 126 
Node 108 : 2 18 26 74 103 109 116 125 126 
Node 109 : 14 26 
Node 110 : 2 18 26 33 57 74 87 103 109 116 125 126 
Node 111 : 1 9 15 18 21 48 68 88 106 109 110 
Node 112 : 0 2 14 19 20 23 26 28 30 37 38 41 43 46 49 65 67 69 71 72 73 77 78 79 80 94 95 97 101 103 105 114 108 110 111 117 120 121 124 
Node 113 : 2 3 22 8 11 19 20 32 24 26 27 37 39 41 43 44 45 46 53 54 59 62 63 65 67 69 70 71 74 77 80 82 83 94 95 97 98 103 104 105 107 108 112 116 117 119 121 122 127 
Node 114 : 1 5 22 9 10 13 19 25 26 30 41 75 82 124 
Node 115 : 22 9 10 13 15 18 19 21 25 30 35 48 68 82 88 92 106 109 122 124 
Node 116 : 4 22 7 10 13 15 18 19 21 32 25 30 48 68 81 82 84 85 88 90 106 109 118 124 
Node 117 : 2 3 5 8 10 14 19 20 32 25 26 38 39 44 49 60 61 62 64 73 75 79 80 83 85 90 97 103 105 114 108 111 115 116 118 119 120 121 127 
Node 118 : 19 37 50 54 61 64 68 69 70 78 79 95 111 112 115 120 
Node 119 : 2 14 20 106 26 28 30 38 49 65 72 73 78 79 80 97 101 103 105 114 108 111 120 121 124 
Node 120 : 2 3 5 8 10 14 19 20 32 25 26 38 39 44 49 60 61 62 64 73 75 79 80 83 85 90 97 103 105 114 108 111 115 116 118 119 120 121 127 
Node 121 : 19 37 50 54 61 64 68 69 70 78 79 95 111 112 115 120 
Node 122 : 4 7 9 10 14 17 19 20 32 26 34 36 44 47 49 55 58 75 76 80 81 84 85 86 90 91 92 96 99 111 115 116 119 
Node 123 : 22 9 10 13 15 18 19 21 25 30 48 68 82 88 92 106 109 124 
Node 124 : 0 19 37 43 46 67 71 77 94 95 117 
Node 125 : 21 40 50 56 61 64 93 102 115 
Node 126 : 2 3 4 5 8 14 19 20 32 32 26 34 36 38 39 44 47 49 49 55 60 61 62 64 73 75 78 79 80 83 84 85 90 91 92 96 97 99 103 105 114 108 111 115 116 119 120 121 127 
Node 127 : 3 19 24 37 54 59 68 66 70 79 94 95 105 107 111 112 120 121 
Node 128 : 5 10 17 24 25 26 27 28 45 53 54 63 72 74 75 98 101 104 107 112 
Node 129 : 
Node 130 : 
Node 131 : 
Node 132 : 
Node 133 : 
Node 134 : 

